---
build/apple-touch-icon-152x152-precomposed.png: 2015-05-06 13:26:11.000000000 +02:00
build/apple-touch-icon-precomposed.png: 2015-05-06 13:26:11.000000000 +02:00
build/img/404.gif: 2015-05-06 13:19:13.000000000 +02:00
build/img/carousel/carousel-1.jpg: 2015-05-06 13:19:15.000000000 +02:00
build/img/carousel/carousel-2.jpg: 2015-05-06 13:19:15.000000000 +02:00
build/img/carousel/carousel-3.jpg: 2015-05-06 13:19:15.000000000 +02:00
build/img/carousel/carousel-4.jpg: 2015-05-06 13:19:16.000000000 +02:00
build/img/carousel/carousel-5.jpg: 2015-05-06 13:19:17.000000000 +02:00
build/img/content/map.jpg: 2015-05-06 13:19:15.000000000 +02:00
build/img/content/piercings.jpg: 2015-05-06 13:19:15.000000000 +02:00
build/img/content/tattoos.jpg: 2015-05-06 13:19:15.000000000 +02:00
build/img/facebook.png: 2015-05-06 13:19:15.000000000 +02:00
build/img/lemur.png: 2015-05-06 13:19:31.000000000 +02:00
build/img/portraits/michi-koller/original/mk-piercing-1.jpg: 2015-05-06 13:19:17.000000000
  +02:00
build/img/portraits/michi-koller/original/mk-piercing-2.jpg: 2015-05-06 13:19:18.000000000
  +02:00
build/img/portraits/michi-koller/original/mk-piercing-3.jpg: 2015-05-06 13:19:18.000000000
  +02:00
build/img/portraits/michi-koller/original/mk-piercing-4.jpg: 2015-05-06 13:19:18.000000000
  +02:00
build/img/portraits/michi-koller/original/mk-piercing-5.jpg: 2015-05-06 13:19:19.000000000
  +02:00
build/img/portraits/michi-koller/original/mk-piercing-6.jpg: 2015-05-06 13:19:20.000000000
  +02:00
build/img/portraits/michi-koller/thumbnails/mk-piercing-1.jpg: 2015-05-06 13:19:18.000000000
  +02:00
build/img/portraits/michi-koller/thumbnails/mk-piercing-2.jpg: 2015-05-06 13:19:18.000000000
  +02:00
build/img/portraits/michi-koller/thumbnails/mk-piercing-3.jpg: 2015-05-06 13:19:19.000000000
  +02:00
build/img/portraits/michi-koller/thumbnails/mk-piercing-4.jpg: 2015-05-06 13:19:19.000000000
  +02:00
build/img/portraits/michi-koller/thumbnails/mk-piercing-5.jpg: 2015-05-06 13:19:19.000000000
  +02:00
build/img/portraits/michi-koller/thumbnails/mk-piercing-6.jpg: 2015-05-06 13:19:19.000000000
  +02:00
build/img/portraits/michi-koller.png: 2015-05-06 13:19:24.000000000 +02:00
build/img/portraits/otte-timar/original/ot-tattoo-1.jpg: 2015-05-06 13:19:20.000000000
  +02:00
build/img/portraits/otte-timar/original/ot-tattoo-2.jpg: 2015-05-06 13:19:20.000000000
  +02:00
build/img/portraits/otte-timar/original/ot-tattoo-3.jpg: 2015-05-06 13:19:20.000000000
  +02:00
build/img/portraits/otte-timar/original/ot-tattoo-4.jpg: 2015-05-06 13:19:20.000000000
  +02:00
build/img/portraits/otte-timar/original/ot-tattoo-5.jpg: 2015-05-06 13:19:20.000000000
  +02:00
build/img/portraits/otte-timar/original/ot-tattoo-6.jpg: 2015-05-06 13:19:20.000000000
  +02:00
build/img/portraits/otte-timar/thumbnails/ot-tattoo-1.jpg: 2015-05-06 13:19:21.000000000
  +02:00
build/img/portraits/otte-timar/thumbnails/ot-tattoo-2.jpg: 2015-05-06 13:19:21.000000000
  +02:00
build/img/portraits/otte-timar/thumbnails/ot-tattoo-3.jpg: 2015-05-06 13:19:21.000000000
  +02:00
build/img/portraits/otte-timar/thumbnails/ot-tattoo-4.jpg: 2015-05-06 13:19:21.000000000
  +02:00
build/img/portraits/otte-timar/thumbnails/ot-tattoo-5.jpg: 2015-05-06 13:19:21.000000000
  +02:00
build/img/portraits/otte-timar/thumbnails/ot-tattoo-6.jpg: 2015-05-06 13:19:21.000000000
  +02:00
build/img/portraits/otte-timar.png: 2015-05-06 13:19:26.000000000 +02:00
build/img/spinner.gif: 2015-05-06 13:19:21.000000000 +02:00
